Afull
(     1,     1) : -1.593586 
(     2,     1) : 13.650000 
(     5,     1) : 0.008114 
(   129,     1) : 0.189332 
(     1,     2) : 1.573998 
(     2,     2) : -14.368390 
(     5,     2) : 0.034315 
(   129,     2) : 0.800704 
(     3,     3) : -1.410474 
(     5,     3) : -0.112913 
(   128,     3) : -0.989513 
(     3,     4) : 0.000038 
(     5,     4) : -0.000000 
(   128,     4) : -0.000000 
(     6,     5) : 314.159271 
(    12,     5) : -21.008406 
(   128,     5) : -0.835181 
(   129,     5) : -0.552227 
(   181,     5) : 0.370852 
(   128,     6) : 0.551780 
(   129,     6) : -0.833989 
(   248,     6) : 1.505297 
(   249,     6) : -144.655823 
(     7,     7) : -0.066667 
(     9,     7) : -0.100000 
(    11,     7) : 0.004167 
(     9,     8) : 0.100000 
(     7,     9) : 0.066667 
(    10,    10) : -0.142857 
(   130,    10) : 0.680000 
(     8,    11) : -0.002500 
(     9,    11) : -0.050000 
(    10,    11) : 0.139107 
(    11,    11) : -0.004057 
(   130,    11) : 0.311601 
(    10,    12) : 0.142857 
(    11,    12) : -0.004167 
(    12,    12) : -2.000000 
(   130,    12) : 0.320000 
(    13,    13) : -0.222222 
(   131,    13) : 0.800000 
(    14,    14) : -1.593586 
(    15,    14) : 13.650000 
(    18,    14) : 0.008114 
(   133,    14) : 0.189332 
(    14,    15) : 1.573998 
(    15,    15) : -14.368390 
(    18,    15) : 0.034315 
(   133,    15) : 0.800704 
(    16,    16) : -1.410474 
(    18,    16) : -0.112913 
(   132,    16) : -0.989513 
(    16,    17) : 0.000038 
(    18,    17) : -0.000000 
(   132,    17) : -0.000000 
(    19,    18) : 314.159271 
(   132,    18) : -0.835181 
(   133,    18) : -0.552227 
(   181,    18) : 0.370852 
(   132,    19) : 0.551780 
(   133,    19) : -0.833990 
(   250,    19) : 1.505306 
(   251,    19) : -144.655838 
(    20,    20) : -0.222222 
(   135,    20) : 0.800000 
(    21,    21) : -1.593586 
(    22,    21) : 13.650000 
(    25,    21) : 0.008086 
(   137,    21) : 0.189332 
(    21,    22) : 1.573998 
(    22,    22) : -14.368390 
(    25,    22) : 0.034198 
(   137,    22) : 0.800704 
(    23,    23) : -1.410474 
(    25,    23) : -0.113166 
(   136,    23) : -0.989513 
(    23,    24) : 0.000038 
(    25,    24) : -0.000000 
(   136,    24) : -0.000000 
(    26,    25) : 314.159271 
(    32,    25) : -21.008406 
(   136,    25) : -0.832339 
(   137,    25) : -0.556501 
(   181,    25) : 0.012788 
(   136,    26) : 0.556055 
(   137,    26) : -0.831145 
(   252,    26) : -0.019281 
(   253,    26) : -4.996061 
(    27,    27) : -0.066667 
(    29,    27) : -0.100000 
(    31,    27) : 0.004167 
(    29,    28) : 0.100000 
(    27,    29) : 0.066667 
(    30,    30) : -0.142857 
(   138,    30) : 0.680000 
(    28,    31) : -0.002500 
(    29,    31) : -0.050000 
(    30,    31) : 0.139096 
(    31,    31) : -0.004057 
(   138,    31) : 0.311575 
(    30,    32) : 0.142857 
(    31,    32) : -0.004167 
(    32,    32) : -2.000000 
(   138,    32) : 0.320000 
(    33,    33) : -0.222222 
(   139,    33) : 0.800000 
(    34,    34) : -1.593586 
(    35,    34) : 13.650000 
(    38,    34) : 0.008086 
(   141,    34) : 0.189332 
(    34,    35) : 1.573998 
(    35,    35) : -14.368390 
(    38,    35) : 0.034198 
(   141,    35) : 0.800704 
(    36,    36) : -1.410474 
(    38,    36) : -0.113166 
(   140,    36) : -0.989513 
(    36,    37) : 0.000038 
(    38,    37) : -0.000000 
(   140,    37) : -0.000000 
(    39,    38) : 314.159271 
(   140,    38) : -0.832339 
(   141,    38) : -0.556501 
(   181,    38) : 0.012788 
(   140,    39) : 0.556055 
(   141,    39) : -0.831145 
(   254,    39) : -0.019281 
(   255,    39) : -4.996062 
(    40,    40) : -0.222222 
(   143,    40) : 0.800000 
(    41,    41) : -1.593586 
(    42,    41) : 13.650000 
(    45,    41) : 0.008423 
(   145,    41) : 0.189332 
(    41,    42) : 1.573998 
(    42,    42) : -14.368390 
(    45,    42) : 0.035620 
(   145,    42) : 0.800704 
(    43,    43) : -1.410474 
(    45,    43) : -0.110352 
(   144,    43) : -0.989513 
(    43,    44) : 0.000038 
(    45,    44) : -0.000000 
(   144,    44) : -0.000000 
(    46,    45) : 314.159271 
(    52,    45) : -21.008406 
(   144,    45) : -0.866948 
(   145,    45) : -0.500882 
(   181,    45) : 0.051152 
(   144,    46) : 0.500417 
(   145,    46) : -0.865784 
(   256,    46) : 0.072869 
(   257,    46) : -19.654764 
(    47,    47) : -0.066667 
(    49,    47) : -0.100000 
(    51,    47) : 0.004167 
(    49,    48) : 0.100000 
(    47,    49) : 0.066667 
(    50,    50) : -0.142857 
(   146,    50) : 0.680000 
(    48,    51) : -0.002500 
(    49,    51) : -0.050000 
(    50,    51) : 0.139105 
(    51,    51) : -0.004057 
(   146,    51) : 0.311594 
(    50,    52) : 0.142857 
(    51,    52) : -0.004167 
(    52,    52) : -2.000000 
(   146,    52) : 0.320000 
(    53,    53) : -0.222222 
(   147,    53) : 0.800000 
(    54,    54) : -1.593586 
(    55,    54) : 13.650000 
(    58,    54) : 0.008423 
(   149,    54) : 0.189332 
(    54,    55) : 1.573998 
(    55,    55) : -14.368390 
(    58,    55) : 0.035620 
(   149,    55) : 0.800704 
(    56,    56) : -1.410474 
(    58,    56) : -0.110352 
(   148,    56) : -0.989513 
(    56,    57) : 0.000038 
(    58,    57) : -0.000000 
(   148,    57) : -0.000000 
(    59,    58) : 314.159271 
(   148,    58) : -0.866948 
(   149,    58) : -0.500882 
(   181,    58) : 0.051152 
(   148,    59) : 0.500417 
(   149,    59) : -0.865784 
(   258,    59) : 0.072869 
(   259,    59) : -19.654764 
(    60,    60) : -0.222222 
(   151,    60) : 0.800000 
(    61,    61) : -1.593586 
(    62,    61) : 13.650000 
(    65,    61) : 0.008422 
(   153,    61) : 0.189332 
(    61,    62) : 1.573998 
(    62,    62) : -14.368390 
(    65,    62) : 0.035619 
(   153,    62) : 0.800704 
(    63,    63) : -1.410474 
(    65,    63) : -0.110340 
(   152,    63) : -0.989513 
(    63,    64) : 0.000038 
(    65,    64) : -0.000000 
(   152,    64) : -0.000000 
(    66,    65) : 314.159271 
(    72,    65) : -21.008406 
(   152,    65) : -0.866926 
(   153,    65) : -0.500920 
(   181,    65) : 0.012788 
(   152,    66) : 0.500456 
(   153,    66) : -0.865762 
(   260,    66) : 0.018082 
(   261,    66) : -4.913197 
(    67,    67) : -0.066667 
(    69,    67) : -0.100000 
(    71,    67) : 0.004167 
(    69,    68) : 0.100000 
(    67,    69) : 0.066667 
(    70,    70) : -0.142857 
(   154,    70) : 0.680000 
(    68,    71) : -0.002500 
(    69,    71) : -0.050000 
(    70,    71) : 0.139090 
(    71,    71) : -0.004057 
(   154,    71) : 0.311562 
(    70,    72) : 0.142857 
(    71,    72) : -0.004167 
(    72,    72) : -2.000000 
(   154,    72) : 0.320000 
(    73,    73) : -0.222222 
(   155,    73) : 0.800000 
(    74,    74) : -1.593586 
(    75,    74) : 13.650000 
(    78,    74) : 0.008422 
(   157,    74) : 0.189332 
(    74,    75) : 1.573998 
(    75,    75) : -14.368390 
(    78,    75) : 0.035619 
(   157,    75) : 0.800704 
(    76,    76) : -1.410474 
(    78,    76) : -0.110340 
(   156,    76) : -0.989513 
(    76,    77) : 0.000038 
(    78,    77) : -0.000000 
(   156,    77) : -0.000000 
(    79,    78) : 314.159271 
(   156,    78) : -0.866926 
(   157,    78) : -0.500920 
(   181,    78) : 0.012788 
(   156,    79) : 0.500456 
(   157,    79) : -0.865762 
(   262,    79) : 0.018082 
(   263,    79) : -4.913197 
(    80,    80) : -0.222222 
(   159,    80) : 0.800000 
(    81,    81) : -1.593586 
(    82,    81) : 13.650000 
(    85,    81) : 0.007240 
(   161,    81) : 0.189332 
(    81,    82) : 1.573998 
(    82,    82) : -14.368390 
(    85,    82) : 0.030621 
(   161,    82) : 0.800704 
(    83,    83) : -1.410474 
(    85,    83) : -0.124103 
(   160,    83) : -0.989513 
(    83,    84) : 0.000038 
(    85,    84) : -0.000000 
(   160,    84) : -0.000000 
(    86,    85) : 314.159271 
(    92,    85) : -21.008406 
(   160,    85) : -0.745266 
(   161,    85) : -0.668627 
(   181,    85) : 0.038364 
(   160,    86) : 0.668227 
(   161,    86) : -0.743957 
(   264,    86) : -7.424117 
(   265,    86) : -14.283894 
(    87,    87) : -0.066667 
(    89,    87) : -0.100000 
(    91,    87) : 0.004167 
(    89,    88) : 0.100000 
(    87,    89) : 0.066667 
(    90,    90) : -0.142857 
(   162,    90) : 0.680000 
(    88,    91) : -0.002500 
(    89,    91) : -0.050000 
(    90,    91) : 0.139191 
(    91,    91) : -0.004060 
(   162,    91) : 0.311787 
(    90,    92) : 0.142857 
(    91,    92) : -0.004167 
(    92,    92) : -2.000000 
(   162,    92) : 0.320000 
(    93,    93) : -0.222222 
(   163,    93) : 0.800000 
(    94,    94) : -1.593586 
(    95,    94) : 13.650000 
(    98,    94) : 0.007240 
(   165,    94) : 0.189332 
(    94,    95) : 1.573998 
(    95,    95) : -14.368390 
(    98,    95) : 0.030621 
(   165,    95) : 0.800704 
(    96,    96) : -1.410474 
(    98,    96) : -0.124103 
(   164,    96) : -0.989513 
(    96,    97) : 0.000038 
(    98,    97) : -0.000000 
(   164,    97) : -0.000000 
(    99,    98) : 314.159271 
(   164,    98) : -0.745266 
(   165,    98) : -0.668627 
(   181,    98) : 0.038364 
(   164,    99) : 0.668227 
(   165,    99) : -0.743957 
(   266,    99) : -7.424117 
(   267,    99) : -14.283896 
(   100,   100) : -0.222222 
(   167,   100) : 0.800000 
(   101,   101) : -1.593586 
(   102,   101) : 13.650000 
(   105,   101) : 0.007241 
(   169,   101) : 0.189332 
(   101,   102) : 1.573998 
(   102,   102) : -14.368390 
(   105,   102) : 0.030622 
(   169,   102) : 0.800704 
(   103,   103) : -1.410474 
(   105,   103) : -0.124021 
(   168,   103) : -0.989513 
(   103,   104) : 0.000038 
(   105,   104) : -0.000000 
(   168,   104) : -0.000000 
(   106,   105) : 314.159271 
(   112,   105) : -21.008406 
(   168,   105) : -0.745302 
(   169,   105) : -0.668586 
(   181,   105) : 0.012788 
(   168,   106) : 0.668186 
(   169,   106) : -0.743994 
(   268,   106) : -2.472216 
(   269,   106) : -4.758982 
(   107,   107) : -0.066667 
(   109,   107) : -0.100000 
(   111,   107) : 0.004167 
(   109,   108) : 0.100000 
(   107,   109) : 0.066667 
(   110,   110) : -0.142857 
(   170,   110) : 0.680000 
(   108,   111) : -0.002500 
(   109,   111) : -0.050000 
(   110,   111) : 0.139124 
(   111,   111) : -0.004058 
(   170,   111) : 0.311637 
(   110,   112) : 0.142857 
(   111,   112) : -0.004167 
(   112,   112) : -2.000000 
(   170,   112) : 0.320000 
(   113,   113) : -0.222222 
(   171,   113) : 0.800000 
(   114,   114) : -1.593586 
(   115,   114) : 13.650000 
(   118,   114) : 0.007241 
(   173,   114) : 0.189332 
(   114,   115) : 1.573998 
(   115,   115) : -14.368390 
(   118,   115) : 0.030622 
(   173,   115) : 0.800704 
(   116,   116) : -1.410474 
(   118,   116) : -0.124021 
(   172,   116) : -0.989513 
(   116,   117) : 0.000038 
(   118,   117) : -0.000000 
(   172,   117) : -0.000000 
(   119,   118) : 314.159271 
(   172,   118) : -0.745302 
(   173,   118) : -0.668586 
(   181,   118) : 0.012788 
(   172,   119) : 0.668186 
(   173,   119) : -0.743994 
(   270,   119) : -2.472216 
(   271,   119) : -4.758983 
(   120,   120) : -0.222222 
(   175,   120) : 0.800000 
(   121,   121) : -1.555881 
(   122,   121) : 17.781282 
(   125,   121) : -0.000000 
(   177,   121) : 0.340929 
(   121,   122) : 1.479505 
(   122,   122) : -19.468664 
(   125,   122) : -0.000000 
(   177,   122) : 0.626718 
(   123,   123) : -3.333385 
(   125,   123) : -0.000000 
(   176,   123) : -0.965838 
(   123,   124) : 0.000054 
(   176,   124) : -0.000001 
(   126,   125) : 314.159271 
(   176,   125) : 0.000000 
(   177,   125) : -1.001041 
(   181,   125) : 0.002535 
(   176,   126) : 1.001041 
(   177,   126) : 0.000000 
(   246,   126) : -0.000002 
(   247,   126) : 0.000001 
(   127,   127) : -0.222222 
(   179,   127) : 0.800000 
(     1,   128) : 0.000323 
(     2,   128) : 0.011838 
(     5,   128) : -0.000664 
(   128,   128) : 0.000009 
(   129,   128) : 0.000927 
(   248,   128) : -0.939761 
(   249,   128) : 0.341831 
(     3,   129) : 0.022085 
(     5,   129) : -0.000571 
(   128,   129) : -0.000927 
(   129,   129) : 0.000009 
(   248,   129) : -0.341831 
(   249,   129) : -0.939761 
(     5,   130) : 0.122175 
(   130,   130) : -1.000000 
(     1,   131) : -0.103457 
(   131,   131) : -1.000000 
(    14,   132) : 0.000323 
(    15,   132) : 0.011838 
(    18,   132) : -0.000664 
(   132,   132) : 0.000009 
(   133,   132) : 0.000927 
(   250,   132) : -0.939761 
(   251,   132) : 0.341831 
(    16,   133) : 0.022085 
(    18,   133) : -0.000571 
(   132,   133) : -0.000927 
(   133,   133) : 0.000009 
(   250,   133) : -0.341831 
(   251,   133) : -0.939761 
(    14,   135) : -0.103457 
(   135,   135) : -1.000000 
(    21,   136) : 0.009361 
(    22,   136) : 0.343313 
(    25,   136) : -0.019191 
(   136,   136) : 0.000255 
(   137,   136) : 0.026871 
(   252,   136) : -0.935447 
(   253,   136) : 0.353468 
(    23,   137) : 0.640453 
(    25,   137) : -0.016671 
(   136,   137) : -0.026871 
(   137,   137) : 0.000255 
(   252,   137) : -0.353468 
(   253,   137) : -0.935447 
(    25,   138) : 0.122175 
(   138,   138) : -1.000000 
(    21,   139) : -0.103457 
(   139,   139) : -1.000000 
(    34,   140) : 0.009361 
(    35,   140) : 0.343313 
(    38,   140) : -0.019191 
(   140,   140) : 0.000255 
(   141,   140) : 0.026871 
(   254,   140) : -0.935447 
(   255,   140) : 0.353468 
(    36,   141) : 0.640453 
(    38,   141) : -0.016671 
(   140,   141) : -0.026871 
(   141,   141) : 0.000255 
(   254,   141) : -0.353468 
(   255,   141) : -0.935447 
(    34,   143) : -0.103457 
(   143,   143) : -1.000000 
(    41,   144) : 0.002340 
(    42,   144) : 0.085828 
(    45,   144) : -0.004997 
(   144,   144) : 0.000064 
(   145,   144) : 0.006718 
(   256,   144) : -0.930195 
(   257,   144) : 0.367065 
(    43,   145) : 0.160113 
(    45,   145) : -0.003809 
(   144,   145) : -0.006718 
(   145,   145) : 0.000064 
(   256,   145) : -0.367065 
(   257,   145) : -0.930195 
(    45,   146) : 0.122175 
(   146,   146) : -1.000000 
(    41,   147) : -0.103457 
(   147,   147) : -1.000000 
(    54,   148) : 0.002340 
(    55,   148) : 0.085828 
(    58,   148) : -0.004997 
(   148,   148) : 0.000064 
(   149,   148) : 0.006718 
(   258,   148) : -0.930195 
(   259,   148) : 0.367065 
(    56,   149) : 0.160113 
(    58,   149) : -0.003809 
(   148,   149) : -0.006718 
(   149,   149) : 0.000064 
(   258,   149) : -0.367065 
(   259,   149) : -0.930195 
(    54,   151) : -0.103457 
(   151,   151) : -1.000000 
(    61,   152) : 0.009361 
(    62,   152) : 0.343313 
(    65,   152) : -0.019988 
(   152,   152) : 0.000255 
(   153,   152) : 0.026871 
(   260,   152) : -0.930174 
(   261,   152) : 0.367118 
(    63,   153) : 0.640453 
(    65,   153) : -0.015236 
(   152,   153) : -0.026871 
(   153,   153) : 0.000255 
(   260,   153) : -0.367118 
(   261,   153) : -0.930174 
(    65,   154) : 0.122175 
(   154,   154) : -1.000000 
(    61,   155) : -0.103457 
(   155,   155) : -1.000000 
(    74,   156) : 0.009361 
(    75,   156) : 0.343313 
(    78,   156) : -0.019988 
(   156,   156) : 0.000255 
(   157,   156) : 0.026871 
(   262,   156) : -0.930174 
(   263,   156) : 0.367118 
(    76,   157) : 0.640453 
(    78,   157) : -0.015236 
(   156,   157) : -0.026871 
(   157,   157) : 0.000255 
(   262,   157) : -0.367118 
(   263,   157) : -0.930174 
(    74,   159) : -0.103457 
(   159,   159) : -1.000000 
(    81,   160) : 0.003120 
(    82,   160) : 0.114437 
(    85,   160) : -0.005728 
(   160,   160) : 0.000085 
(   161,   160) : 0.008957 
(   264,   160) : -0.714219 
(   265,   160) : 0.699923 
(    83,   161) : 0.213484 
(    85,   161) : -0.006569 
(   160,   161) : -0.008957 
(   161,   161) : 0.000085 
(   264,   161) : -0.699923 
(   265,   161) : -0.714219 
(    85,   162) : 0.122175 
(   162,   162) : -1.000000 
(    81,   163) : -0.103457 
(   163,   163) : -1.000000 
(    94,   164) : 0.003120 
(    95,   164) : 0.114437 
(    98,   164) : -0.005728 
(   164,   164) : 0.000085 
(   165,   164) : 0.008957 
(   266,   164) : -0.714219 
(   267,   164) : 0.699923 
(    96,   165) : 0.213484 
(    98,   165) : -0.006569 
(   164,   165) : -0.008957 
(   165,   165) : 0.000085 
(   266,   165) : -0.699923 
(   267,   165) : -0.714219 
(    94,   167) : -0.103457 
(   167,   167) : -1.000000 
(   101,   168) : 0.009361 
(   102,   168) : 0.343313 
(   105,   168) : -0.017184 
(   168,   168) : 0.000255 
(   169,   168) : 0.026871 
(   268,   168) : -0.714230 
(   269,   168) : 0.699911 
(   103,   169) : 0.640453 
(   105,   169) : -0.019705 
(   168,   169) : -0.026871 
(   169,   169) : 0.000255 
(   268,   169) : -0.699911 
(   269,   169) : -0.714230 
(   105,   170) : 0.122175 
(   170,   170) : -1.000000 
(   101,   171) : -0.103457 
(   171,   171) : -1.000000 
(   114,   172) : 0.009361 
(   115,   172) : 0.343313 
(   118,   172) : -0.017184 
(   172,   172) : 0.000255 
(   173,   172) : 0.026871 
(   270,   172) : -0.714230 
(   271,   172) : 0.699911 
(   116,   173) : 0.640453 
(   118,   173) : -0.019705 
(   172,   173) : -0.026871 
(   173,   173) : 0.000255 
(   270,   173) : -0.699911 
(   271,   173) : -0.714230 
(   114,   175) : -0.103457 
(   175,   175) : -1.000000 
(   121,   176) : 0.094429 
(   122,   176) : 2.086216 
(   125,   176) : 0.000000 
(   176,   176) : 0.003055 
(   177,   176) : 0.149091 
(   246,   176) : 0.321712 
(   247,   176) : 0.946838 
(   123,   177) : 3.903028 
(   125,   177) : -0.123395 
(   176,   177) : -0.149091 
(   177,   177) : 0.003055 
(   246,   177) : -0.946838 
(   247,   177) : 0.321712 
(   121,   179) : -0.224024 
(   179,   179) : -1.000000 
(     6,   181) : -314.159271 
(    19,   181) : -314.159271 
(    26,   181) : -314.159271 
(    39,   181) : -314.159271 
(    46,   181) : -314.159271 
(    59,   181) : -314.159271 
(    66,   181) : -314.159271 
(    79,   181) : -314.159271 
(    86,   181) : -314.159271 
(    99,   181) : -314.159271 
(   106,   181) : -314.159271 
(   119,   181) : -314.159271 
(   126,   181) : -314.159271 
(   181,   181) : -1.000000 
(   208,   181) : 19.552231 
(   209,   181) : -7.077450 
(   210,   181) : 9.084842 
(   211,   181) : -4.077473 
(   212,   181) : 0.955750 
(   213,   181) : -0.372094 
(   214,   181) : 1.006000 
(   215,   181) : -0.741660 
(   216,   181) : 0.704513 
(   217,   181) : -0.481939 
(   218,   181) : 5.176153 
(   219,   181) : -2.720389 
(   220,   181) : 3.791843 
(   221,   181) : -2.973548 
(   222,   181) : 0.789519 
(   223,   181) : -0.818929 
(   224,   181) : 2.185214 
(   225,   181) : -1.427885 
(   226,   181) : 4.686724 
(   227,   181) : -3.277787 
(   182,   182) : 233.237350 
(   183,   182) : -2908.126950 
(   186,   182) : -96.008644 
(   187,   182) : 1167.190800 
(   230,   182) : -96.008644 
(   231,   182) : 1167.190800 
(   272,   182) : -41.220055 
(   273,   182) : 584.637817 
(   182,   183) : 2908.126950 
(   183,   183) : 233.237350 
(   186,   183) : -1167.190800 
(   187,   183) : -96.008644 
(   230,   183) : -1167.190800 
(   231,   183) : -96.008644 
(   272,   183) : -584.637817 
(   273,   183) : -41.220055 
(   184,   184) : 233.237350 
(   185,   184) : -2908.126950 
(   190,   184) : -96.008644 
(   191,   184) : 1167.190800 
(   230,   184) : -96.008644 
(   231,   184) : 1167.190800 
(   272,   184) : -41.220055 
(   273,   184) : 584.637817 
(   184,   185) : 2908.126950 
(   185,   185) : 233.237350 
(   190,   185) : -1167.190800 
(   191,   185) : -96.008644 
(   230,   185) : -1167.190800 
(   231,   185) : -96.008644 
(   272,   185) : -584.637817 
(   273,   185) : -41.220055 
(   182,   186) : -96.008644 
(   183,   186) : 1167.190800 
(   186,   186) : 185.354462 
(   187,   186) : -2754.796880 
(   188,   186) : -41.220055 
(   189,   186) : 584.637817 
(   192,   186) : -40.625759 
(   193,   186) : 511.174561 
(   210,   186) : -7.394266 
(   211,   186) : 492.895691 
(   182,   187) : -1167.190800 
(   183,   187) : -96.008644 
(   186,   187) : 2754.796880 
(   187,   187) : 185.354462 
(   188,   187) : -584.637817 
(   189,   187) : -41.220055 
(   192,   187) : -511.174561 
(   193,   187) : -40.625759 
(   210,   187) : -492.895691 
(   211,   187) : -7.394266 
(   186,   188) : -41.220055 
(   187,   188) : 584.637817 
(   188,   188) : 184.978607 
(   189,   188) : -2419.128660 
(   190,   188) : -41.220055 
(   191,   188) : 584.637817 
(   194,   188) : -6.529856 
(   195,   188) : 92.523491 
(   272,   188) : -96.008644 
(   273,   188) : 1167.190800 
(   186,   189) : -584.637817 
(   187,   189) : -41.220055 
(   188,   189) : 2419.128660 
(   189,   189) : 184.978607 
(   190,   189) : -584.637817 
(   191,   189) : -41.220055 
(   194,   189) : -92.523491 
(   195,   189) : -6.529856 
(   272,   189) : -1167.190800 
(   273,   189) : -96.008644 
(   184,   190) : -96.008644 
(   185,   190) : 1167.190800 
(   188,   190) : -41.220055 
(   189,   190) : 584.637817 
(   190,   190) : 146.039352 
(   191,   190) : -1905.763550 
(   204,   190) : -7.970494 
(   205,   190) : 112.873734 
(   212,   190) : -0.816801 
(   213,   190) : 46.958927 
(   184,   191) : -1167.190800 
(   185,   191) : -96.008644 
(   188,   191) : -584.637817 
(   189,   191) : -41.220055 
(   190,   191) : 1905.763550 
(   191,   191) : 146.039352 
(   204,   191) : -112.873734 
(   205,   191) : -7.970494 
(   212,   191) : -46.958927 
(   213,   191) : -0.816801 
(   186,   192) : -40.625759 
(   187,   192) : 511.174561 
(   192,   192) : 61.701569 
(   193,   192) : -924.744934 
(   194,   192) : -4.261037 
(   195,   192) : 52.862171 
(   218,   192) : -3.984211 
(   219,   192) : 252.301926 
(   232,   192) : -12.659649 
(   233,   192) : 120.277649 
(   186,   193) : -511.174561 
(   187,   193) : -40.625759 
(   192,   193) : 924.744934 
(   193,   193) : 61.701569 
(   194,   193) : -52.862171 
(   195,   193) : -4.261037 
(   218,   193) : -252.301926 
(   219,   193) : -3.984211 
(   232,   193) : -120.277649 
(   233,   193) : -12.659649 
(   188,   194) : -6.529856 
(   189,   194) : 92.523491 
(   192,   194) : -4.261037 
(   193,   194) : 52.862171 
(   194,   194) : 58.570232 
(   195,   194) : -781.516602 
(   196,   194) : -30.910530 
(   197,   194) : 438.446503 
(   236,   194) : -16.868811 
(   237,   194) : 202.384491 
(   188,   195) : -92.523491 
(   189,   195) : -6.529856 
(   192,   195) : -52.862171 
(   193,   195) : -4.261037 
(   194,   195) : 781.516602 
(   195,   195) : 58.570232 
(   196,   195) : -438.446503 
(   197,   195) : -30.910530 
(   236,   195) : -202.384491 
(   237,   195) : -16.868811 
(   194,   196) : -30.910530 
(   195,   196) : 438.446503 
(   196,   196) : 79.268814 
(   197,   196) : -1285.965330 
(   198,   196) : -5.972861 
(   199,   196) : 84.568810 
(   200,   196) : -9.569805 
(   201,   196) : 135.452393 
(   204,   196) : -9.036736 
(   205,   196) : 127.979279 
(   220,   196) : -2.880529 
(   221,   196) : 193.385498 
(   234,   196) : -20.610027 
(   235,   196) : 292.318909 
(   194,   197) : -438.446503 
(   195,   197) : -30.910530 
(   196,   197) : 1285.965330 
(   197,   197) : 79.268814 
(   198,   197) : -84.568810 
(   199,   197) : -5.972861 
(   200,   197) : -135.452393 
(   201,   197) : -9.569805 
(   204,   197) : -127.979279 
(   205,   197) : -9.036736 
(   220,   197) : -193.385498 
(   221,   197) : -2.880529 
(   234,   197) : -292.318909 
(   235,   197) : -20.610027 
(   196,   198) : -5.972861 
(   197,   198) : 84.568810 
(   198,   198) : 20.833492 
(   199,   198) : -237.352829 
(   200,   198) : -5.084059 
(   201,   198) : 71.994644 
(   202,   198) : -9.776573 
(   203,   198) : 81.471443 
(   196,   199) : -84.568810 
(   197,   199) : -5.972861 
(   198,   199) : 237.352829 
(   199,   199) : 20.833492 
(   200,   199) : -71.994644 
(   201,   199) : -5.084059 
(   202,   199) : -81.471443 
(   203,   199) : -9.776573 
(   196,   200) : -9.569805 
(   197,   200) : 135.452393 
(   198,   200) : -5.084059 
(   199,   200) : 71.994644 
(   200,   200) : 36.005116 
(   201,   200) : -542.373169 
(   222,   200) : -0.682655 
(   223,   200) : 43.643189 
(   234,   200) : -20.610027 
(   235,   200) : 292.318909 
(   196,   201) : -135.452393 
(   197,   201) : -9.569805 
(   198,   201) : -71.994644 
(   199,   201) : -5.084059 
(   200,   201) : 542.373169 
(   201,   201) : 36.005116 
(   222,   201) : -43.643189 
(   223,   201) : -0.682655 
(   234,   201) : -292.318909 
(   235,   201) : -20.610027 
(   198,   202) : -9.776573 
(   199,   202) : 81.471443 
(   202,   202) : 25.403797 
(   203,   202) : -252.378159 
(   204,   202) : -14.787065 
(   205,   202) : 123.225548 
(   216,   202) : -0.784100 
(   217,   202) : 45.078903 
(   198,   203) : -81.471443 
(   199,   203) : -9.776573 
(   202,   203) : 252.378159 
(   203,   203) : 25.403797 
(   204,   203) : -123.225548 
(   205,   203) : -14.787065 
(   216,   203) : -45.078903 
(   217,   203) : -0.784100 
(   190,   204) : -7.970494 
(   191,   204) : 112.873734 
(   196,   204) : -9.036736 
(   197,   204) : 127.979279 
(   202,   204) : -14.787065 
(   203,   204) : 123.225548 
(   204,   204) : 32.672623 
(   205,   204) : -410.369843 
(   214,   204) : -0.788167 
(   215,   204) : 43.134567 
(   190,   205) : -112.873734 
(   191,   205) : -7.970494 
(   196,   205) : -127.979279 
(   197,   205) : -9.036736 
(   202,   205) : -123.225548 
(   203,   205) : -14.787065 
(   204,   205) : 410.369843 
(   205,   205) : 32.672623 
(   214,   205) : -43.134567 
(   215,   205) : -0.788167 
(   206,   206) : 10.366479 
(   207,   206) : -179.649475 
(   224,   206) : -1.783205 
(   225,   206) : 117.952408 
(   232,   206) : -8.608772 
(   233,   206) : 70.014702 
(   206,   207) : 179.649475 
(   207,   207) : 10.366479 
(   224,   207) : -117.952408 
(   225,   207) : -1.783205 
(   232,   207) : -70.014702 
(   233,   207) : -8.608772 
(   208,   208) : -47.538208 
(   209,   208) : -870.598328 
(   272,   208) : -7.924519 
(   273,   208) : 871.661011 
(   208,   209) : 898.184631 
(   209,   209) : 144.835831 
(   272,   209) : -871.661011 
(   273,   209) : -7.924519 
(   186,   210) : -7.394266 
(   187,   210) : 492.895691 
(   210,   210) : -19.096123 
(   211,   210) : -495.271667 
(   186,   211) : -492.895691 
(   187,   211) : -7.394266 
(   210,   211) : 505.992065 
(   211,   211) : 72.074966 
(   190,   212) : -0.816801 
(   191,   212) : 46.958927 
(   212,   212) : -1.962591 
(   213,   212) : -47.951683 
(   190,   213) : -46.958927 
(   191,   213) : -0.816801 
(   212,   213) : 48.328793 
(   213,   213) : 7.527171 
(   204,   214) : -0.788167 
(   205,   214) : 43.134567 
(   214,   214) : -2.629447 
(   215,   214) : -41.834019 
(   204,   215) : -43.134567 
(   205,   215) : -0.788167 
(   214,   215) : 45.552719 
(   215,   215) : 8.842292 
(   202,   216) : -0.784100 
(   203,   216) : 45.078903 
(   216,   216) : 186.356979 
(   217,   216) : -445.684784 
(   228,   216) : -187.595032 
(   229,   216) : 402.835663 
(   202,   217) : -45.078903 
(   203,   217) : -0.784100 
(   216,   217) : 448.862366 
(   217,   217) : 193.581711 
(   228,   217) : -402.835663 
(   229,   217) : -187.595032 
(   192,   218) : -3.984211 
(   193,   218) : 252.301926 
(   218,   218) : -10.910789 
(   219,   218) : -250.679504 
(   192,   219) : -252.301926 
(   193,   219) : -3.984211 
(   218,   219) : 265.014496 
(   219,   219) : 41.190460 
(   196,   220) : -2.880529 
(   197,   220) : 193.385498 
(   220,   220) : -8.007256 
(   221,   220) : -184.521561 
(   196,   221) : -193.385498 
(   197,   221) : -2.880529 
(   220,   221) : 204.482422 
(   221,   221) : 31.596502 
(   200,   222) : -0.682655 
(   201,   222) : 43.643189 
(   222,   222) : -2.267476 
(   223,   222) : -44.012455 
(   200,   223) : -43.643189 
(   201,   223) : -0.682655 
(   222,   223) : 47.137943 
(   223,   223) : 7.613948 
(   206,   224) : -1.783205 
(   207,   224) : 117.952408 
(   224,   224) : -3.781918 
(   225,   224) : -117.119164 
(   206,   225) : -117.952408 
(   207,   225) : -1.783205 
(   224,   225) : 128.825363 
(   225,   225) : 17.657396 
(   226,   226) : -8.861379 
(   227,   226) : -238.934387 
(   236,   226) : -3.782512 
(   237,   226) : 245.834198 
(   226,   227) : 263.230530 
(   227,   227) : 38.256264 
(   236,   227) : -245.834198 
(   237,   227) : -3.782512 
(   216,   228) : -187.595032 
(   217,   228) : 402.835663 
(   228,   228) : 188.019058 
(   229,   228) : -414.911926 
(   246,   228) : -0.424021 
(   247,   228) : 12.084462 
(   216,   229) : -402.835663 
(   217,   229) : -187.595032 
(   228,   229) : 414.911926 
(   229,   229) : 188.019058 
(   246,   229) : -12.084462 
(   247,   229) : -0.424021 
(   182,   230) : -96.008644 
(   183,   230) : 1167.190800 
(   184,   230) : -96.008644 
(   185,   230) : 1167.190800 
(   230,   230) : 309.421326 
(   231,   230) : -5474.648440 
(   248,   230) : -10.750228 
(   249,   230) : 1010.524110 
(   250,   230) : -10.750228 
(   251,   230) : 1010.524110 
(   252,   230) : -0.510507 
(   253,   230) : 34.816567 
(   254,   230) : -0.510507 
(   255,   230) : 34.816567 
(   272,   230) : -96.008644 
(   273,   230) : 1167.190800 
(   182,   231) : -1167.190800 
(   183,   231) : -96.008644 
(   184,   231) : -1167.190800 
(   185,   231) : -96.008644 
(   230,   231) : 5474.648440 
(   231,   231) : 309.421326 
(   248,   231) : -1010.524110 
(   249,   231) : -10.750228 
(   250,   231) : -1010.524110 
(   251,   231) : -10.750228 
(   252,   231) : -34.816567 
(   253,   231) : -0.510507 
(   254,   231) : -34.816567 
(   255,   231) : -0.510507 
(   272,   231) : -1167.190800 
(   273,   231) : -96.008644 
(   192,   232) : -12.659649 
(   193,   232) : 120.277649 
(   206,   232) : -8.608772 
(   207,   232) : 70.014702 
(   232,   232) : 30.345932 
(   233,   232) : -582.400452 
(   236,   232) : -4.125058 
(   237,   232) : 57.137146 
(   256,   232) : -2.063522 
(   257,   232) : 140.732224 
(   258,   232) : -2.063522 
(   259,   232) : 140.732224 
(   260,   232) : -0.515880 
(   261,   232) : 35.183048 
(   262,   232) : -0.515880 
(   263,   232) : 35.183048 
(   192,   233) : -120.277649 
(   193,   233) : -12.659649 
(   206,   233) : -70.014702 
(   207,   233) : -8.608772 
(   232,   233) : 582.400452 
(   233,   233) : 30.345932 
(   236,   233) : -57.137146 
(   237,   233) : -4.125058 
(   256,   233) : -140.732224 
(   257,   233) : -2.063522 
(   258,   233) : -140.732224 
(   259,   233) : -2.063522 
(   260,   233) : -35.183048 
(   261,   233) : -0.515880 
(   262,   233) : -35.183048 
(   263,   233) : -0.515880 
(   196,   234) : -20.610027 
(   197,   234) : 292.318909 
(   200,   234) : -20.610027 
(   201,   234) : 292.318909 
(   234,   234) : 86.012543 
(   235,   234) : -1404.432740 
(   236,   234) : -41.220055 
(   237,   234) : 584.637817 
(   264,   234) : -1.447154 
(   265,   234) : 101.189445 
(   266,   234) : -1.447154 
(   267,   234) : 101.189445 
(   268,   234) : -0.494386 
(   269,   234) : 33.717094 
(   270,   234) : -0.494386 
(   271,   234) : 33.717094 
(   196,   235) : -292.318909 
(   197,   235) : -20.610027 
(   200,   235) : -292.318909 
(   201,   235) : -20.610027 
(   234,   235) : 1404.432740 
(   235,   235) : 86.012543 
(   236,   235) : -584.637817 
(   237,   235) : -41.220055 
(   264,   235) : -101.189445 
(   265,   235) : -1.447154 
(   266,   235) : -101.189445 
(   267,   235) : -1.447154 
(   268,   235) : -33.717094 
(   269,   235) : -0.494386 
(   270,   235) : -33.717094 
(   271,   235) : -0.494386 
(   194,   236) : -16.868811 
(   195,   236) : 202.384491 
(   226,   236) : -3.782512 
(   227,   236) : 245.834198 
(   232,   236) : -4.125058 
(   233,   236) : 57.137146 
(   234,   236) : -41.220055 
(   235,   236) : 584.637817 
(   236,   236) : 68.034851 
(   237,   236) : -1215.554930 
(   238,   236) : -0.948057 
(   239,   236) : 61.860760 
(   240,   236) : -0.316019 
(   241,   236) : 20.620253 
(   242,   236) : -0.316019 
(   243,   236) : 20.620253 
(   244,   236) : -0.316019 
(   245,   236) : 20.620253 
(   194,   237) : -202.384491 
(   195,   237) : -16.868811 
(   226,   237) : -245.834198 
(   227,   237) : -3.782512 
(   232,   237) : -57.137146 
(   233,   237) : -4.125058 
(   234,   237) : -584.637817 
(   235,   237) : -41.220055 
(   236,   237) : 1215.554930 
(   237,   237) : 68.034851 
(   238,   237) : -61.860760 
(   239,   237) : -0.948057 
(   240,   237) : -20.620253 
(   241,   237) : -0.316019 
(   242,   237) : -20.620253 
(   243,   237) : -0.316019 
(   244,   237) : -20.620253 
(   245,   237) : -0.316019 
(   236,   238) : -0.948057 
(   237,   238) : 61.860760 
(   238,   238) : 0.958143 
(   239,   238) : -62.518852 
(   236,   239) : -61.860760 
(   237,   239) : -0.948057 
(   238,   239) : 62.518852 
(   239,   239) : 0.958143 
(   236,   240) : -0.316019 
(   237,   240) : 20.620253 
(   240,   240) : 0.319381 
(   241,   240) : -20.839617 
(   236,   241) : -20.620253 
(   237,   241) : -0.316019 
(   240,   241) : 20.839617 
(   241,   241) : 0.319381 
(   236,   242) : -0.316019 
(   237,   242) : 20.620253 
(   242,   242) : 0.319381 
(   243,   242) : -20.839617 
(   236,   243) : -20.620253 
(   237,   243) : -0.316019 
(   242,   243) : 20.839617 
(   243,   243) : 0.319381 
(   236,   244) : -0.316019 
(   237,   244) : 20.620253 
(   244,   244) : 0.319381 
(   245,   244) : -20.839617 
(   236,   245) : -20.620253 
(   237,   245) : -0.316019 
(   244,   245) : 20.839617 
(   245,   245) : 0.319381 
(   127,   246) : -31.561262 
(   176,   246) : -0.321712 
(   177,   246) : 0.946838 
(   179,   246) : -28.405138 
(   228,   246) : -0.424021 
(   229,   246) : 12.084462 
(   246,   246) : 0.424021 
(   247,   246) : -12.084462 
(   127,   247) : 10.723705 
(   176,   247) : -0.946838 
(   177,   247) : -0.321712 
(   179,   247) : 9.651335 
(   228,   247) : -12.084462 
(   229,   247) : -0.424021 
(   246,   247) : 12.084462 
(   247,   247) : 0.424021 
(    13,   248) : -32.412228 
(   128,   248) : 0.939761 
(   129,   248) : 0.341831 
(   131,   248) : -29.171007 
(   230,   248) : -10.750228 
(   231,   248) : 1010.524110 
(   248,   248) : 12.513030 
(   249,   248) : -1064.109380 
(    13,   249) : -7.781939 
(   128,   249) : -0.341831 
(   129,   249) : 0.939761 
(   131,   249) : -7.003745 
(   230,   249) : -1010.524110 
(   231,   249) : -10.750228 
(   248,   249) : 1064.109380 
(   249,   249) : 12.513030 
(    20,   250) : -32.412228 
(   132,   250) : 0.939761 
(   133,   250) : 0.341831 
(   135,   250) : -29.171007 
(   230,   250) : -10.750228 
(   231,   250) : 1010.524110 
(   250,   250) : 12.513030 
(   251,   250) : -1064.109380 
(    20,   251) : -7.781940 
(   132,   251) : -0.341831 
(   133,   251) : 0.939761 
(   135,   251) : -7.003746 
(   230,   251) : -1010.524110 
(   231,   251) : -10.750228 
(   250,   251) : 1064.109380 
(   251,   251) : 12.513030 
(    33,   252) : -32.467999 
(   136,   252) : 0.935447 
(   137,   252) : 0.353468 
(   139,   252) : -29.221199 
(   230,   252) : -0.510507 
(   231,   252) : 34.816567 
(   252,   252) : 0.836576 
(   253,   252) : -36.749020 
(    33,   253) : -7.545874 
(   136,   253) : -0.353468 
(   137,   253) : 0.935447 
(   139,   253) : -6.791287 
(   230,   253) : -34.816567 
(   231,   253) : -0.510507 
(   252,   253) : 36.749020 
(   253,   253) : 0.836576 
(    40,   254) : -32.467999 
(   140,   254) : 0.935447 
(   141,   254) : 0.353468 
(   143,   254) : -29.221199 
(   230,   254) : -0.510507 
(   231,   254) : 34.816567 
(   254,   254) : 0.836576 
(   255,   254) : -36.749020 
(    40,   255) : -7.545875 
(   140,   255) : -0.353468 
(   141,   255) : 0.935447 
(   143,   255) : -6.791288 
(   230,   255) : -34.816567 
(   231,   255) : -0.510507 
(   254,   255) : 36.749020 
(   255,   255) : 0.836576 
(    53,   256) : -32.967808 
(   144,   256) : 0.930195 
(   145,   256) : 0.367065 
(   147,   256) : -29.671028 
(   232,   256) : -2.063522 
(   233,   256) : 140.732224 
(   256,   256) : 3.346502 
(   257,   256) : -146.995865 
(    53,   257) : -4.922887 
(   144,   257) : -0.367065 
(   145,   257) : 0.930195 
(   147,   257) : -4.430599 
(   232,   257) : -140.732224 
(   233,   257) : -2.063522 
(   256,   257) : 146.995865 
(   257,   257) : 3.346502 
(    60,   258) : -32.967808 
(   148,   258) : 0.930195 
(   149,   258) : 0.367065 
(   151,   258) : -29.671028 
(   232,   258) : -2.063522 
(   233,   258) : 140.732224 
(   258,   258) : 3.346502 
(   259,   258) : -146.995865 
(    60,   259) : -4.922888 
(   148,   259) : -0.367065 
(   149,   259) : 0.930195 
(   151,   259) : -4.430599 
(   232,   259) : -140.732224 
(   233,   259) : -2.063522 
(   258,   259) : 146.995865 
(   259,   259) : 3.346502 
(    73,   260) : -32.967869 
(   152,   260) : 0.930174 
(   153,   260) : 0.367118 
(   155,   260) : -29.671084 
(   232,   260) : -0.515880 
(   233,   260) : 35.183048 
(   260,   260) : 0.836575 
(   261,   260) : -36.749008 
(    73,   261) : -4.922477 
(   152,   261) : -0.367118 
(   153,   261) : 0.930174 
(   155,   261) : -4.430229 
(   232,   261) : -35.183048 
(   233,   261) : -0.515880 
(   260,   261) : 36.749008 
(   261,   261) : 0.836575 
(    80,   262) : -32.967869 
(   156,   262) : 0.930174 
(   157,   262) : 0.367118 
(   159,   262) : -29.671084 
(   232,   262) : -0.515880 
(   233,   262) : 35.183048 
(   262,   262) : 0.836575 
(   263,   262) : -36.749008 
(    80,   263) : -4.922477 
(   156,   263) : -0.367118 
(   157,   263) : 0.930174 
(   159,   263) : -4.430229 
(   232,   263) : -35.183048 
(   233,   263) : -0.515880 
(   262,   263) : 36.749008 
(   263,   263) : 0.836575 
(    93,   264) : -33.301849 
(   160,   264) : 0.714219 
(   161,   264) : 0.699923 
(   163,   264) : -29.971666 
(   234,   264) : -1.447154 
(   235,   264) : 101.189445 
(   264,   264) : 2.470794 
(   265,   264) : -110.288429 
(    93,   265) : 1.448393 
(   160,   265) : -0.699923 
(   161,   265) : 0.714219 
(   163,   265) : 1.303553 
(   234,   265) : -101.189445 
(   235,   265) : -1.447154 
(   264,   265) : 110.288429 
(   265,   265) : 2.470794 
(   100,   266) : -33.301849 
(   164,   266) : 0.714219 
(   165,   266) : 0.699923 
(   167,   266) : -29.971666 
(   234,   266) : -1.447154 
(   235,   266) : 101.189445 
(   266,   266) : 2.470794 
(   267,   266) : -110.288429 
(   100,   267) : 1.448392 
(   164,   267) : -0.699923 
(   165,   267) : 0.714219 
(   167,   267) : 1.303553 
(   234,   267) : -101.189445 
(   235,   267) : -1.447154 
(   266,   267) : 110.288429 
(   267,   267) : 2.470794 
(   113,   268) : -33.301796 
(   168,   268) : 0.714230 
(   169,   268) : 0.699911 
(   171,   268) : -29.971617 
(   234,   268) : -0.494386 
(   235,   268) : 33.717094 
(   268,   268) : 0.836576 
(   269,   268) : -36.749016 
(   113,   269) : 1.449697 
(   168,   269) : -0.699911 
(   169,   269) : 0.714230 
(   171,   269) : 1.304727 
(   234,   269) : -33.717094 
(   235,   269) : -0.494386 
(   268,   269) : 36.749016 
(   269,   269) : 0.836576 
(   120,   270) : -33.301796 
(   172,   270) : 0.714230 
(   173,   270) : 0.699911 
(   175,   270) : -29.971617 
(   234,   270) : -0.494386 
(   235,   270) : 33.717094 
(   270,   270) : 0.836576 
(   271,   270) : -36.749016 
(   120,   271) : 1.449696 
(   172,   271) : -0.699911 
(   173,   271) : 0.714230 
(   175,   271) : 1.304727 
(   234,   271) : -33.717094 
(   235,   271) : -0.494386 
(   270,   271) : 36.749016 
(   271,   271) : 0.836576 
(   182,   272) : -41.220055 
(   183,   272) : 584.637817 
(   184,   272) : -41.220055 
(   185,   272) : 584.637817 
(   188,   272) : -96.008644 
